   1  249   91  1   1
   2  248   91  1   1
   3  246   91  1   1
   4  244   90  1   1
   5  247   91  1   1
   6  241   89  1   1
   7  191   43  1  -1
   8  190   44  1  -1
   9  195   41  1  -1
  10  197   42  1  -1
  11  197   39  1   1
  12  197   37  0  -1
  13  187   44  1  -1
  14  194   42  1  -1
  15  197   38  0  -1
  16  198   39  0  -1
  17  193   42  1  -1
  18  184   44  1  -1
  19  213   95  1   1
  20  222   93  1   1
  21  219   94  0   1
  22  180   78  1   1
  23  224   92  1   1
  24  171   69  1   1
  25  174   44  1  -1
  26  172   45  1  -1
  27  179   44  1  -1
  28  181   44  1  -1
  29  171   46  1  -1
  30  176   44  1  -1
  31  174   44  0  -1
  32  211   95  1   1
  33  226   92  1   1
  34  217   95  1   1
  35  214   95  1   1
  36  237   89  0   1
  37  216   95  1   1
  38  225   92  1   1
  39  215   95  1   1
  40  242   89  1   1
  41  237   90  0   1
  42  231   93  0   1
  43  238   89  1   1
  44  232   93  1   1
  45  234   94  1   1
  46  237   91  0   1
  47  237   93  0   1
  48  196   92  0  -1
  49  207   96  1   1
  50  209   96  1   1
  51  203   96  1   1
  52  195   91  1   1
  53  210   95  0   1
  54  198   94  1   1
  55  194   91  1   1
  56  197   94  1   1
  57  208   96  1   1
  58  206   96  1   1
  59  176   75  1   1
  60  170   67  1   1
  61  167   62  0  -1
  62  169   66  1   1
  63  167   55  0  -1
  64  178   77  1   1
  65  175   74  1   1
  66  167   60  0  -1
  67  174   73  0  -1
  68  171   68  0  -1
  69  167   58  0  -1
  70  173   72  1   1
  71  167   56  0  -1
  72  167   61  0  -1
  73  172   71  1   1
  74  185   84  1   1
  75  189   88  1   1
  76  183   82  1   1
  77  186   86  1   1
  78  187   87  1   1
  79  192   90  1   1
  80  184   83  1   1
  81  191   90  1   1
  82  181   79  1   1
  83  170   47  0  -1
  84  167   50  0  -1
  85  168   49  1  -1
  86  166   53  0  -1
  87  171   46  1  -1
  88  166   52  0  -1
  89   37  127  1   1
  90   30  109  1  -1
  91   42  125  0   1
  92   35  105  0  -1
  93  101  135  1  -1
  94   36  127  0   1
  95   41  127  1   1
  96   43  125  1   1
  97   32  107  1  -1
  98    2   57  0   1
  99    6   52  1   1
 100    9   46  0   1
 101    4   54  0   1
 102  102  137  1   1
 103   95  135  1  -1
 104    8   43  0   1
 105   99  136  1   1
 106    9   50  0   1
 107    5   52  0   1
 108   37  102  0  -1
 109   63  130  0  -1
 110   59  129  0   1
 111   63  128  1   1
 112   67  131  1   1
 113   62  128  1   1
 114   75  126  0   1
 115   73  128  0   1
 116    8   44  0   1
 117   70  131  0   1
 118   77  122  0   1
 119   57  134  0   1
 120   60  129  1   1
 121   76  125  0   1
 122   57  132  0   1
 123   64  132  1   1
 124   58  130  0   1
 125   71  131  1   1
 126   72  129  0   1
 127   89   17  1   1
 128   74  128  1   1
 129   92   17  1   1
 130   37   83  0  -1
 131    9   42  0   1
 132   23   76  1   1
 133   14   34  0   1
 134   39   81  0  -1
 135   11   39  0   1
 136   13   35  0   1
 137   15   74  1  -1
 138   18   77  0   1
 139   14   78  0  -1
 140  169   29  0   1
 141   16   76  0  -1
 142   17   74  1  -1
 143  171   29  1   1
 144   60   38  0   1
 145   62   24  0   1
 146   61   37  1   1
 147   67   37  0  -1
 148   62   35  0   1
 149   65   21  0   1
 150  172   29  1   1
 151   57   25  1   1
 152   69   36  0   1
 153  178   29  0   1
 154   65   37  0   1
 155   13   36  0   1
 156   53   34  1  -1
 157  174   29  1   1
 158   50   35  1  -1
 159   61   25  0   1
 160   49   38  1  -1
 161   60   30  0  -1
 162   54   33  1  -1
 163   63   23  0   1
 164   52   22  1   1
 165  176   30  1   1
 166  172   21  0   1
 167   63   33  0   1
 168  126    3  1   1
 169   54   24  1   1
 170   77   17  0   1
 171   50   35  0  -1
 172   76   17  0  -1
 173  118   12  0   1
 174   60   26  1   1
 175   62   34  0   1
 176   74   36  0   1
 177   78   17  1   1
 178  125    3  0   1
 179   82   17  1   1
 180   71   38  1  -1
 181   70   38  1  -1
 182   77   51  1   1
 183   84   17  1   1
 184   76   52  0   1
 185   81   47  0   1
 186   81   54  1  -1
 187   78   51  1   1
 188   81   40  0   1
 189   79   53  0  -1
 190   76   51  0   1
 191   79   38  0   1
 192   71   18  0   1
 193   77   37  0   1
 194   82   55  0   1
 195   83   58  0   1
 196  124    8  0   1
 197   29  109  1  -1
 198  135    5  0  -1
 199   25  112  0  -1
 200   19  118  0  -1
 201  135    8  1   1
 202   26  111  1  -1
 203  123    9  0   1
 204   70   19  1   1
 205  134    3  1   1
 206   73   17  0   1
 207  122   10  0   1
 208   26  111  0  -1
 209   26  111  1  -1
 210  138   13  1   1
 211   21  115  1  -1
 212  131    2  0   1
 213  135    4  0  -1
 214   21  115  0  -1
 215   50  139  1   1
 216   49  138  1   1
 217   86   17  1   1
 218   47  136  1   1
 219   56  136  0   1
 220   80   17  1   1
 221  120   11  0   1
 222   67   20  0   1
 223  136   10  1   1
 224  137   11  0  -1
 225  132    2  1   1
 226  115   13  0   1
 227   31   27  1   1
 228   39   27  1   1
 229   38   27  0   1
 230   44   23  0   1
 231   45   22  0   1
 232   32   26  0   1
 233   50   21  1   1
 234   48  137  1   1
 235   40   26  0   1
 236  152   27  1   1
 237   46   22  1   1
 238   43  136  1   1
 239   42  136  1   1
 240   45  136  0   1
 241   43   24  0   1
 242   30  128  1   1
 243   24  128  1   1
 244  168   30  0   1
 245   48   21  0   1
 246   32  127  1   1
 247  149   24  1   1
 248  166   32  0   1
 249   41  132  1   1
 250   42  130  1  -1
 251  157   31  1   1
 252   42  134  0  -1
 253  142   15  1   1
 254  147   23  1   1
 255  144   16  1   1
 256  146   19  0  -1
 257  113   15  0   1
 258   91   17  1   1
 259  154   29  1   1
 260  151   26  1   1
 261   41  131  0  -1
 262  110   18  0   1
 263  145   17  1   1
 264   39  128  1   1
 265   96   19  1   1
 266  104   22  1   1
 267  146   18  0  -1
 268   94   18  1   1
 269  108   20  0   1
 270  109   19  0   1
 271  160   32  1   1
 272   92   75  0   1
 273   83   59  0   1
 274  159   32  1   1
 275   86   60  0   1
 276   92   71  0   1
 277   90   65  0   1
 278  107   21  1   1
 279   95   79  0   1
 280   92   69  0   1
 281   93   77  0   1
 282  111   17  0   1
 283   99   21  1   1
 284   92   74  0   1
 285  167   31  0   1
 286   19  126  1   1
 287   18  123  1   1
 288   18  125  1  -1
 289   18  119  0  -1
 290   17  122  1  -1
 291  101   85  0   1
 292   99   83  0   1
 293   96   80  0   1
 294  102   89  0   1
 295   98   82  0   1
 296  119  100  1  -1
 297  125  101  0   1
 298  118   99  0   1
 299  115   99  1  -1
 300  113   99  1  -1
 301  122  100  1  -1
 302   19   42  0  -1
 303   27   43  0   1
 304   26   35  0   1
 305   20   37  0  -1
 306   29   30  0   1
 307   30   27  0   1
 308   29   41  0   1
 309   17   36  1   1
 310   23   41  0  -1
 311   41   47  0  -1
 312   47   42  0  -1
 313   49   39  0  -1
 314   40   51  0  -1
 315   42   46  1  -1
 316   41   49  0  -1
 317   38   52  1  -1
 318   46   43  0  -1
 319   37   52  0  -1
 320   41   46  1  -1
 321   43   47  1  -1
 322   41   46  0  -1
 323  129  115  1  -1
 324  141  117  1  -1
 325  127  126  0   1
 326  131  120  0   1
 327  133  117  0   1
 328  135  118  0  -1
 329  136  117  1  -1
 330  139  120  0   1
 331  130  121  0   1
 332  128  123  0   1
 333  141  119  0  -1
 334  128  124  0   1
 335   72   98  0   1
 336   75   84  1   1
 337   79  100  0  -1
 338   83   93  1   1
 339   77   89  1   1
 340   86   93  1   1
 341   80   99  1  -1
 342   81   99  1  -1
 343   77   84  1   1
 344   83   96  1  -1
 345   71   82  1   1
 346   76   87  1   1
 347   81   93  1   1
 348   76   84  1   1
 349   84   93  1   1
 350   70   97  1  -1
 351   79   91  1   1
 352   82   96  1  -1
 353   73   96  1  -1
 354   82   96  0  -1
 355   84   95  1  -1
 356   58   88  0   1
 357   56   85  1   1
 358   55   84  1   1
 359   65   84  0   1
 360   60   90  0  -1
 361   63   86  0   1
 362   54   88  1  -1
 363   68   81  0   1
 364   52   82  1   1
 365   50   82  1   1
 366   67   82  0   1
 367   53   83  1   1
 368   46   83  0   1
 369   48   82  0   1
 370   63   89  0   1
 371   56   87  1  -1
 372  123  117  1  -1
 373  123  107  0   1
 374  119  114  1   1
 375  124  117  1  -1
 376  118  114  0   1
 377  118  115  0   1
 378  121  111  0   1
 379  122  109  0   1
 380  124  105  0   1
 381  119  116  1  -1
 382  110   99  1  -1
 383  111   99  1  -1
 384  121  117  0   1
 385   88  106  1   1
 386  103   96  0   1
 387  100   99  0   1
 388  100   98  0   1
 389   91  110  1   1
 390   87  106  0   1
 391  104   99  1  -1
 392  101   98  1   1
 393  103   94  0   1
 394  104   99  0  -1
 395  106   99  0   1
 396  109   99  0  -1
 397   38  101  0  -1
 398   55  103  0   1
 399   43   99  1  -1
 400   54  102  0   1
 401   47  100  1  -1
 402   39   99  0  -1
 403   50  100  1  -1
 404   39   86  1   1
 405   46  100  1  -1
 406   44   85  1   1
 407   39   98  1  -1
 408   41   98  0   1
 409   67  107  1  -1
 410   69  105  0  -1
 411   60  107  1  -1
 412   70  105  1  -1
 413   62  108  0   1
 414   77  111  0   1
 415   65  107  0  -1
 416   77  120  0   1
 417   75  109  0   1
 418   58  104  0   1
 419   61  107  0   1
 420   77  103  0  -1
 421   77  103  1  -1
 422   81  107  1   1
 423   90  114  1  -1
 424   92  124  1  -1
 425   94  119  1   1
 426   82  112  1  -1
 427   77  119  0   1
 428   87  115  0   1
 429   86  110  0  -1
 430   93  119  1   1
 431   89  118  1  -1
 432  100  123  0   1
 433   97  125  1   1
 434   78  113  0   1
 435   86  118  1  -1
 436   92  119  1   1
 437   84  107  1   1
 438   83  107  1   1
 439   91  119  1   1
 440   82  112  0  -1
 441   84  114  1   1
 442   94  125  1   1
 443   87  121  0   1
 444   84  119  0  -1
 445   88  111  0   1
 446   79  116  0   1
 447   90  108  0  -1
 448   89  113  0   1
 449   88  120  0   1
 450   89  107  1   1
 451   85  115  1   1
 452   84  118  0  -1
 453   91  112  0  -1
 454   85  107  1   1
 455   86  116  1   1
 456   90  109  0  -1
 457   93  128  1  -1
 458   24   67  0  -1
 459   24   70  0  -1
 460   24   68  0  -1
 461   20   48  1  -1
 462   27   63  0  -1
 463   24   64  0  -1
 464  116  128  0   1
 465  104  126  0  -1
 466  104  130  1   1
 467  103  125  1   1
 468  110  128  0   1
 469  115  134  0   1
 470  101  128  0  -1
 471  112  135  1  -1
 472  118  128  1   1
 473  102  124  1   1
 474  108  132  0   1
 475   98  125  1   1
 476  107  139  0   1
 477  110  136  1  -1
 478  116  135  1  -1
 479  109  136  1  -1
 480  116  139  0   1
 481  104  128  0  -1
 482  105  133  1   1
 483   99  125  1   1
 484  111  128  1   1
 485  114  134  1  -1
 486  110  138  1   1
 487  105  136  1  -1
 488  108  137  1  -1
 489  121  128  0   1
 490   40   77  0  -1
 491   41   73  1   1
 492   35   56  1  -1
 493   44   67  1  -1
 494   41   80  1  -1
 495   33   62  1  -1
 496   36   73  0   1
 497   39   68  0   1
 498   45   65  1   1
 499   29   64  1  -1
 500   39   81  1  -1
 501   40   65  0   1
 502   44   65  1   1
 503   40   76  0  -1
 504   42   68  1  -1
 505   32   63  1  -1
 506   40   78  1   1
 507   30   64  1  -1
 508   27   75  1   1
 509   40   76  1  -1
 510   41   72  0  -1
 511   41   69  1  -1
 512   43   65  1   1
 513   35   59  0  -1
 514   32   74  0   1
 515   42   65  1   1
 516   41   70  0  -1
 517   39   67  0   1
 518  122  128  1   1
 519  127  127  0   1
 520  117  138  0   1
 521  119  137  0   1
 522  155   11  0   1
 523  160    2  1   1
 524  176    2  1   1
